8.644856 0.583601
8.646773 0.645743
8.648689 0.627104
8.650607 0.587461
8.652526 0.565534
8.654445 0.567596
8.656363 0.584507
8.658284 0.580916
8.660206 0.604535
8.662127 0.689057
8.664051 0.799922
8.665975 0.736271
8.667899 0.694227
8.669824 0.667348
8.671750 0.665260
8.673676 0.621537
8.675604 0.605123
8.677531 0.603629
8.679461 0.621929
8.681391 0.619205
8.683321 0.599756
8.685252 0.591901
8.687184 0.598256
8.689117 0.635414
8.691051 0.738257
8.692986 0.811531
8.694921 0.783540
8.696856 0.689955
8.698792 0.630184
8.700730 0.608551
8.702668 0.639396
8.704608 0.643393
8.784785 0.610108
8.786748 0.667947
8.788712 0.648138
8.790676 0.606536
8.792642 0.581439
8.794607 0.581224
8.796574 0.601519
8.798541 0.594911
8.800509 0.616552
8.802480 0.700804
8.804450 0.820062
8.806420 0.768797
8.808393 0.730004
8.810365 0.694935
8.812338 0.694282
8.814311 0.652414
8.816286 0.626934
8.818261 0.634671
8.820238 0.665239
8.822215 0.654218
8.824193 0.630449
8.826171 0.623687
8.828151 0.626895
8.830131 0.661903
8.832113 0.774829
8.834095 0.858567
8.836078 0.826399
8.838060 0.725587
8.840045 0.656088
8.842031 0.636166
8.844016 0.667334
8.846003 0.672303
8.714820 0.602042
8.716758 0.654485
8.718698 0.635226
8.720636 0.595155
8.722578 0.573761
8.724519 0.575470
8.726461 0.593779
8.728404 0.588312
8.730349 0.613972
8.732292 0.696554
8.734239 0.810885
8.736184 0.751638
8.738132 0.711308
8.740078 0.678153
8.742027 0.678760
8.743977 0.637968
8.745927 0.618610
8.747877 0.621486
8.749828 0.640507
8.751781 0.637014
8.753734 0.616530
8.755688 0.608809
8.757642 0.613344
8.759599 0.651629
8.761554 0.760577
8.763512 0.838604
8.765469 0.813599
8.767428 0.715109
8.769387 0.639987
8.771348 0.620509
8.773308 0.655628
8.775270 0.663037
8.574889 0.571555
8.576783 0.640623
8.578679 0.623829
8.580575 0.588663
8.582473 0.570442
8.584370 0.571998
8.586268 0.585612
8.588167 0.583582
8.590067 0.586685
8.591969 0.613053
8.593869 0.688875
8.595772 0.618899
8.597674 0.587784
8.599579 0.600357
8.601483 0.646886
8.603389 0.615737
8.605294 0.603891
8.607201 0.603477
8.609109 0.615055
8.611016 0.610970
8.612926 0.599587
8.614836 0.592660
8.616747 0.598675
8.618657 0.636568
8.620570 0.737552
8.622482 0.804375
8.624395 0.765414
8.626310 0.672913
8.628225 0.611049
8.630141 0.596070
8.632058 0.632847
8.633976 0.633923
8.854746 0.621665
8.856732 0.675891
8.858720 0.655150
8.860708 0.614494
8.862698 0.589952
8.864688 0.589617
8.866678 0.610092
8.868670 0.603190
8.870663 0.629198
8.872655 0.707546
8.874649 0.827267
8.876643 0.781369
8.878639 0.744742
8.880635 0.702825
8.882633 0.706802
8.884631 0.669607
8.886630 0.641453
8.888630 0.648045
8.890630 0.670086
8.892632 0.664135
8.894633 0.643181
8.896636 0.633728
8.898640 0.640687
8.900644 0.683521
8.902649 0.804447
8.904655 0.889844
8.906662 0.863353
8.908669 0.755809
8.910679 0.675572
8.912688 0.655240
8.914698 0.682644
8.916709 0.686383
8.924708 0.629266
8.926720 0.685886
8.928731 0.667027
8.930745 0.624411
8.932758 0.596878
8.934772 0.594721
8.936787 0.618977
8.938804 0.610011
8.940821 0.627566
8.942838 0.712973
8.944856 0.834965
8.946876 0.795913
8.948896 0.763694
8.950917 0.724563
8.952938 0.726139
8.954961 0.687126
8.956985 0.652179
8.959009 0.659057
8.961034 0.682437
8.963059 0.679014
8.965086 0.657402
8.967114 0.645714
8.969142 0.653724
8.971171 0.700645
8.973201 0.819753
8.975231 0.905130
8.977263 0.879088
8.979296 0.766324
8.981329 0.682675
8.983363 0.655604
8.985399 0.686163
8.987434 0.691046
