1.402497e+00 4.013115e+04 -3.726886e+04 3.663335e+04 3
0.000000e+00 0.000000e+00 0.000000e+00 0.000000e+00 0
1.983430e+00 7.159798e+04 -2.554515e+05 1.454455e+05 6
2.429196e+00 1.216520e+04 -6.777935e+11 -3.128193e+04 4
0.000000e+00 0.000000e+00 0.000000e+00 0.000000e+00 0
3.069861e+00 1.040395e+05 -1.319386e+05 2.170098e+05 15
3.435402e+00 2.249276e+04 -2.988464e+04 -1.381232e+05 12
4.138739e+00 1.557240e+04 -1.849061e+04 -3.489027e+02 21
4.588330e+00 3.231077e+04 -4.734483e+04 8.018838e+04 28
5.184033e+00 2.398023e+04 -5.644050e+04 6.334511e+04 36
